[gd_scene load_steps=4 format=3 uid="uid://b2defqux4eywm"]

[ext_resource type="Script" path="res://Prototype/Scythe.gd" id="1_0dqqh"]
[ext_resource type="PackedScene" uid="uid://bt47np56cssrp" path="res://Assets/Prototype Stuff/Farming/scythe.blend" id="2_dfyr0"]

[sub_resource type="BoxShape3D" id="BoxShape3D_cgevp"]
size = Vector3(2, 0.46, 1.3)

[node name="Scythe" type="Node3D"]
transform = Transform3D(-0.872748, -0.364636, -0.324578, -0.244891, 0.902197, -0.355063, 0.422302, -0.230394, -0.876686, -0.00154239, -3.3915e-05, 0)
script = ExtResource("1_0dqqh")

[node name="scythe" parent="." instance=ExtResource("2_dfyr0")]
transform = Transform3D(-0.9902, -0.11267, 0.082532, -0.12385, 0.981499, -0.146015, -0.0645534, -0.154805, -0.985833, 1.00824, 0.378251, 0.386266)

[node name="colls" type="Area3D" parent="."]

[node name="CollisionShape3D" type="CollisionShape3D" parent="colls"]
transform = Transform3D(0.805722, -0.27111, -0.526604, 0.403524, 0.902089, 0.152986, 0.433567, -0.335761, 0.836232, 0.071, 0.145, 1.126)
shape = SubResource("BoxShape3D_cgevp")
