[gd_scene load_steps=9 format=3 uid="uid://b2defqux4eywm"]

[ext_resource type="Script" path="res://Tools/Scripts/Scythe.gd" id="1_gcwxj"]
[ext_resource type="PackedScene" uid="uid://bt47np56cssrp" path="res://Assets/Tools/scythe.blend" id="2_s168g"]
[ext_resource type="AudioStream" uid="uid://0v3jom0lyi3f" path="res://Sounds/dirt4.mp3" id="3_3xomh"]

[sub_resource type="Animation" id="Animation_ig2s8"]
length = 0.001
tracks/0/type = "value"
tracks/0/imported = false
tracks/0/enabled = true
tracks/0/path = NodePath(".:rotation")
tracks/0/interp = 1
tracks/0/loop_wrap = true
tracks/0/keys = {
"times": PackedFloat32Array(0),
"transitions": PackedFloat32Array(1),
"update": 0,
"values": [Vector3(1.42227, -2.4299, 7.15667e-07)]
}

[sub_resource type="Animation" id="Animation_c72an"]
resource_name = "scythe"
length = 0.7
tracks/0/type = "value"
tracks/0/imported = false
tracks/0/enabled = true
tracks/0/path = NodePath(".:rotation")
tracks/0/interp = 2
tracks/0/loop_wrap = true
tracks/0/keys = {
"times": PackedFloat32Array(0, 0.4, 0.7),
"transitions": PackedFloat32Array(1, 1, 1),
"update": 0,
"values": [Vector3(1.42227, 2.2494, 7.13226e-07), Vector3(1.42244, 5.09113, 3.48787e-16), Vector3(1.42227, 2.2494, 7.13226e-07)]
}

[sub_resource type="AnimationLibrary" id="AnimationLibrary_s3nx5"]
_data = {
"RESET": SubResource("Animation_ig2s8"),
"scythe": SubResource("Animation_c72an")
}

[sub_resource type="ConvexPolygonShape3D" id="ConvexPolygonShape3D_h6y3l"]
points = PackedVector3Array(0.0345049, 0.985147, -0.0142671, -0.0337773, -0.594877, -0.0142671, -0.0337773, -0.594877, 0.0149948, 0.0345049, -0.594877, -0.0142671, -0.0142671, 0.985147, 0.0345049, -0.0337773, 0.975594, -0.0240189, 0.0149948, -0.594877, 0.0345049, 0.0149948, -0.594877, -0.0337773, 0.0345049, 0.985147, 0.0149948, 0.0247465, 0.975594, -0.0337773, -0.0337773, 0.975594, 0.0247465, -0.0142671, -0.594877, -0.0337773, -0.0142671, -0.594877, 0.0345049, 0.0345049, -0.594877, 0.0149948, 0.0149948, 0.985147, 0.0345049, -0.0142671, 0.985147, -0.0337773, -0.0240189, 0.994855, -0.0240189, 0.0247465, 0.994855, -0.0240189, -0.0240189, 0.994855, 0.0247465)

[sub_resource type="BoxShape3D" id="BoxShape3D_vbvgw"]
size = Vector3(0.755004, 0.681755, 0.337159)

[node name="Scythe" type="Node3D"]
transform = Transform3D(1, 0, 0, 0, 1, 0, 0, 0, 0.999999, 0, 0, 0)
script = ExtResource("1_gcwxj")

[node name="scythe" parent="." instance=ExtResource("2_s168g")]
transform = Transform3D(-1.3252, -1.13037, -0.169135, 1.85334e-07, 0.258966, -1.73073, 1.14296, -1.31061, -0.196104, 0, 0, 0)

[node name="CutNoise" type="AudioStreamPlayer3D" parent="scythe"]
transform = Transform3D(-0.432717, 5.96905e-08, 0.37321, -0.369102, 0.0845604, -0.427954, -0.0552281, -0.565138, -0.064034, 0.340954, 1.11746, -0.0355634)
stream = ExtResource("3_3xomh")
volume_db = -10.0
pitch_scale = 1.6

[node name="AnimationPlayer" type="AnimationPlayer" parent="scythe"]
libraries = {
"": SubResource("AnimationLibrary_s3nx5")
}

[node name="Area3D" type="Area3D" parent="scythe"]
transform = Transform3D(0.993025, 0.0056175, 0.117782, -0.00325434, 0.99979, -0.0202406, -0.117875, 0.0197155, 0.992833, 0, 0, 0)

[node name="CollisionShape3D" type="CollisionShape3D" parent="scythe/Area3D"]
transform = Transform3D(0.999842, 0.00470145, -0.0171357, -0.00436721, 0.9998, 0.0194989, 0.0172239, -0.0194211, 0.999663, 0, 0, 0)
shape = SubResource("ConvexPolygonShape3D_h6y3l")

[node name="CollisionShape3D2" type="CollisionShape3D" parent="scythe/Area3D"]
transform = Transform3D(-0.978157, -0.0971896, -0.183749, -0.206156, 0.340325, 0.91743, -0.0266299, 0.93527, -0.352928, 0.31277, 0.994293, -0.116241)
shape = SubResource("BoxShape3D_vbvgw")

[node name="ss" type="Timer" parent="scythe"]
wait_time = 0.4
one_shot = true

[node name="es" type="Timer" parent="scythe"]
wait_time = 0.3
one_shot = true
